ì˙éû,ã§ópïî,êÍóLïî,çáåv
2018/4/1,7,102,109
2018/4/2,7,259,266
2018/4/3,5,284,289
2018/4/4,6,335,341
2018/4/5,12,302,314
2018/4/6,7,311,318
2018/4/7,5,208,213
2018/4/8,6,121,127
2018/4/9,10,229,239
2018/4/10,14,258,272
2018/4/11,11,278,289
2018/4/12,13,304,317
2018/4/13,9,259,268
2018/4/14,8,218,226
2018/4/15,10,75,85
2018/4/16,9,223,232
2018/4/17,27,216,243
2018/4/18,21,210,231
2018/4/19,12,265,277
2018/4/20,12,286,298
2018/4/21,12,205,217
2018/4/22,11,82,93
2018/4/23,9,278,287
2018/4/24,15,295,310
2018/4/25,11,315,326
2018/4/26,13,339,352
2018/4/27,14,295,309
2018/4/28,8,246,254
2018/4/29,9,73,82
2018/4/30,8,268,276
2018/5/1,26,394,420
2018/5/2,17,401,418
2018/5/3,7,334,341
2018/5/4,10,305,315
2018/5/5,8,219,227
2018/5/6,7,87,94
2018/5/7,12,302,314
2018/5/8,10,239,249
2018/5/9,10,221,231
2018/5/10,9,231,240
2018/5/11,12,212,224
2018/5/12,6,243,249
2018/5/13,12,158,170
2018/5/14,23,327,350
2018/5/15,26,433,459
2018/5/16,31,401,432
2018/5/17,33,570,603
2018/5/18,40,616,656
2018/5/19,17,406,423
2018/5/20,9,110,119
2018/5/21,28,399,427
2018/5/22,27,423,450
2018/5/23,19,362,381
2018/5/24,24,419,443
2018/5/25,34,490,524
2018/5/26,17,331,348
2018/5/27,13,141,154
2018/5/28,25,424,449
2018/5/29,32,539,571
2018/5/30,24,429,453
2018/5/31,19,350,369
2018/6/1,28,428,456
2018/6/2,19,375,394
2018/6/3,9,122,131
2018/6/4,43,584,627
2018/6/5,41,557,598
2018/6/6,25,439,464
2018/6/7,40,519,559
2018/6/8,43,557,600
2018/6/9,19,504,523
2018/6/10,8,102,110
2018/6/11,18,382,400
2018/6/12,20,456,476
2018/6/13,24,483,507
2018/6/14,20,449,469
2018/6/15,14,333,347
2018/6/16,8,222,230
2018/6/17,9,76,85
2018/6/18,14,300,314
2018/6/19,29,453,482
2018/6/20,24,368,392
2018/6/21,24,389,413
2018/6/22,42,542,584
2018/6/23,21,326,347
2018/6/24,24,99,123
2018/6/25,66,620,686
2018/6/26,60,674,734
2018/6/27,81,731,812
2018/6/28,103,703,806
2018/6/29,96,782,878
2018/6/30,27,646,673
2018/7/1,16,325,341
2018/7/2,132,878,1010
2018/7/3,123,916,1039
2018/7/4,110,793,903
2018/7/5,86,704,790
2018/7/6,31,543,574
2018/7/7,21,522,543
2018/7/8,18,311,329
2018/7/9,106,797,903
2018/7/10,131,865,996
2018/7/11,144,933,1077
2018/7/12,101,769,870
2018/7/13,145,918,1063
2018/7/14,32,783,815
2018/7/15,19,362,381
2018/7/16,18,908,926
2018/7/17,101,1090,1191
2018/7/18,91,1055,1146
2018/7/19,77,1011,1088
2018/7/20,106,1058,1164
2018/7/21,25,923,948
2018/7/22,24,445,469
2018/7/23,52,1230,1282
2018/7/24,143,1128,1271
2018/7/25,146,981,1127
2018/7/26,106,837,943
2018/7/27,98,743,841
2018/7/28,16,481,497
2018/7/29,15,314,329
2018/7/30,131,863,994
2018/7/31,141,933,1074
2018/8/1,144,1008,1152
2018/8/2,153,1035,1188
2018/8/3,162,1076,1238
2018/8/4,17,786,803
2018/8/5,23,625,648
2018/8/6,165,961,1126
2018/8/7,46,597,643
2018/8/8,65,629,694
2018/8/9,95,774,869
2018/8/10,155,920,1075
2018/8/11,18,687,705
2018/8/12,15,193,208
2018/8/13,117,781,898
2018/8/14,136,811,947
2018/8/15,144,844,988
2018/8/16,134,803,937
2018/8/17,74,718,792
2018/8/18,12,471,483
2018/8/19,14,161,175
2018/8/20,66,601,667
2018/8/21,131,794,925
2018/8/22,142,874,1016
2018/8/23,145,894,1039
2018/8/24,135,805,940
2018/8/25,20,801,821
2018/8/26,19,491,510
2018/8/27,144,1018,1162
2018/8/28,118,768,886
2018/8/29,102,708,810
2018/8/30,141,821,962
2018/8/31,145,880,1025
2018/9/1,17,546,563
2018/9/2,13,164,177
2018/9/3,58,594,652
2018/9/4,98,630,728
2018/9/5,101,738,839
2018/9/6,108,711,819
2018/9/7,108,703,811
2018/9/8,16,689,705
2018/9/9,17,303,320
2018/9/10,106,738,844
2018/9/11,39,512,551
2018/9/12,22,497,519
2018/9/13,32,492,524
2018/9/14,24,529,553
2018/9/15,11,330,341
2018/9/16,13,130,143
2018/9/17,13,181,194
2018/9/18,49,614,663
2018/9/19,26,544,570
2018/9/20,22,444,466
2018/9/21,18,357,375
2018/9/22,10,311,321
2018/9/23,13,109,122
2018/9/24,12,93,105
2018/9/25,21,468,489
2018/9/26,15,338,353
2018/9/27,12,300,312
2018/9/28,17,412,429
2018/9/29,11,245,256
2018/9/30,9,72,81
2018/10/1,53,611,664
2018/10/2,23,500,523
2018/10/3,17,413,430
2018/10/4,17,372,389
2018/10/5,17,371,388
2018/10/6,12,315,327
2018/10/7,14,201,215
2018/10/8,12,389,401
2018/10/9,22,466,488
2018/10/10,22,508,530
2018/10/11,19,431,450
2018/10/12,17,377,394
2018/10/13,12,244,256
2018/10/14,9,68,77
2018/10/15,16,277,293
2018/10/16,11,304,315
2018/10/17,13,307,320
2018/10/18,12,291,303
2018/10/19,12,274,286
2018/10/20,9,212,221
2018/10/21,8,57,65
2018/10/22,12,261,273
2018/10/23,11,239,250
2018/10/24,12,275,287
2018/10/25,11,240,251
2018/10/26,12,276,288
2018/10/27,9,186,195
2018/10/28,8,61,69
2018/10/29,13,260,273
2018/10/30,11,302,313
2018/10/31,11,222,233
2018/11/1,9,217,226
2018/11/2,10,213,223
2018/11/3,9,194,203
2018/11/4,8,65,73
2018/11/5,9,248,257
2018/11/6,10,249,259
2018/11/7,11,245,256
2018/11/8,8,254,262
2018/11/9,12,260,272
2018/11/10,8,153,161
2018/11/11,8,62,70
2018/11/12,10,256,266
2018/11/13,9,239,248
2018/11/14,9,201,210
2018/11/15,10,248,258
2018/11/16,8,267,275
2018/11/17,9,153,162
2018/11/18,8,123,131
2018/11/19,9,224,233
2018/11/20,9,258,267
2018/11/21,9,233,242
2018/11/22,8,245,253
2018/11/23,6,39,45
2018/11/24,30,288,318
2018/11/25,10,264,274
2018/11/26,36,244,280
2018/11/27,29,278,307
2018/11/28,24,229,253
2018/11/29,35,252,287
2018/11/30,39,204,243
2018/12/1,12,228,240
2018/12/2,10,276,286
2018/12/3,34,207,241
2018/12/4,20,233,253
2018/12/5,9,220,229
2018/12/6,68,207,275
2018/12/7,28,250,278
2018/12/8,10,225,235
2018/12/9,9,367,376
2018/12/10,100,392,492
2018/12/11,111,435,546
2018/12/12,102,526,628
2018/12/13,100,447,547
2018/12/14,111,505,616
2018/12/15,10,346,356
2018/12/16,17,561,578
2018/12/17,109,472,581
2018/12/18,104,345,449
2018/12/19,102,393,495
2018/12/20,87,430,517
2018/12/21,91,379,470
2018/12/22,14,235,249
2018/12/23,11,273,284
2018/12/24,8,352,360
2018/12/25,110,429,539
2018/12/26,105,388,493
2018/12/27,94,306,400
2018/12/28,112,455,567
2018/12/29,13,269,282
2018/12/30,8,234,242
2018/12/31,11,56,67
2019/1/1,10,57,67
2019/1/2,9,55,64
2019/1/3,11,96,107
2019/1/4,129,264,393
2019/1/5,11,525,536
2019/1/6,10,553,563
2019/1/7,120,583,703
2019/1/8,122,546,668
2019/1/9,123,655,778
2019/1/10,127,591,718
2019/1/11,112,489,601
2019/1/12,21,701,722
2019/1/13,10,420,430
2019/1/14,10,349,359
2019/1/15,122,523,645
2019/1/16,106,449,555
2019/1/17,109,457,566
2019/1/18,116,406,522
2019/1/19,31,442,473
2019/1/20,20,470,490
2019/1/21,116,455,571
2019/1/22,114,418,532
2019/1/23,112,448,560
2019/1/24,116,442,558
2019/1/25,116,438,554
2019/1/26,15,407,422
2019/1/27,16,448,464
2019/1/28,113,493,606
2019/1/29,117,453,570
2019/1/30,116,434,550
2019/1/31,113,495,608
2019/2/1,121,491,612
2019/2/2,9,304,313
2019/2/3,31,275,306
2019/2/4,61,355,416
2019/2/5,113,447,560
2019/2/6,116,514,630
2019/2/7,93,469,562
2019/2/8,112,448,560
2019/2/9,9,493,502
2019/2/10,10,503,513
2019/2/11,11,581,592
2019/2/12,114,471,585
2019/2/13,121,538,659
2019/2/14,122,626,748
2019/2/15,125,624,749
2019/2/16,17,357,374
2019/2/17,9,411,420
2019/2/18,102,453,555
2019/2/19,105,491,596
2019/2/20,51,304,355
2019/2/21,82,315,397
2019/2/22,82,335,417
2019/2/23,10,202,212
2019/2/24,8,280,288
2019/2/25,65,361,426
2019/2/26,81,333,414
2019/2/27,99,318,417
2019/2/28,101,398,499
2019/3/1,91,353,444
2019/3/2,21,257,278
2019/3/3,10,398,408
2019/3/4,103,370,473
2019/3/5,82,323,405
2019/3/6,74,368,442
2019/3/7,95,442,537
2019/3/8,103,323,426
2019/3/9,14,207,221
2019/3/10,9,267,276
2019/3/11,60,318,378
2019/3/12,44,262,306
2019/3/13,34,263,297
2019/3/14,82,381,463
2019/3/15,69,411,480
2019/3/16,12,217,229
2019/3/17,9,245,254
2019/3/18,74,309,383
2019/3/19,40,265,305
2019/3/20,31,230,261
2019/3/21,9,219,228
2019/3/22,10,215,225
2019/3/23,10,283,293
2019/3/24,10,266,276
2019/3/25,74,228,302
2019/3/26,62,172,234
2019/3/27,30,243,273
2019/3/28,27,318,345
2019/3/29,87,369,456
2019/3/30,11,248,259
2019/3/31,9,202,211
2019/4/1,80,224,304
2019/4/2,92,279,371
2019/4/3,93,327,420
2019/4/4,50,325,375
2019/4/5,23,239,262
2019/4/6,9,177,186
2019/4/7,12,126,138
2019/4/8,67,269,336
2019/4/9,46,214,260
2019/4/10,104,481,585
2019/4/11,68,309,377
2019/4/12,81,334,415
2019/4/13,14,259,273
2019/4/14,8,201,209
2019/4/15,15,234,249
2019/4/16,19,242,261
2019/4/17,8,248,256
2019/4/18,12,264,276
2019/4/19,12,302,314
2019/4/20,10,188,198
2019/4/21,11,95,106
2019/4/22,13,358,371
2019/4/23,14,336,350
2019/4/24,12,344,356
2019/4/25,13,412,425
2019/4/26,25,315,340
2019/4/27,9,215,224
2019/4/28,11,112,123
2019/4/29,8,80,88
2019/4/30,10,252,262
2019/5/1,10,70,80
2019/5/2,10,302,312
2019/5/3,11,252,263
2019/5/4,8,205,213
2019/5/5,9,59,68
2019/5/6,10,61,71
2019/5/7,8,239,247
2019/5/8,12,238,250
2019/5/9,13,267,280
2019/5/10,8,374,382
2019/5/11,17,307,324
2019/5/12,12,95,107
2019/5/13,12,291,303
2019/5/14,11,335,346
2019/5/15,9,391,400
2019/5/16,13,426,439
2019/5/17,19,442,461
2019/5/18,15,336,351
2019/5/19,10,163,173
2019/5/20,20,391,411
2019/5/21,18,371,389
2019/5/22,19,374,393
2019/5/23,16,431,447
2019/5/24,18,533,551
2019/5/25,11,510,521
2019/5/26,13,236,249
2019/5/27,26,723,749
2019/5/28,22,597,619
2019/5/29,21,514,535
2019/5/30,18,499,517
2019/5/31,15,500,515
2019/6/1,10,392,402
2019/6/2,10,160,170
2019/6/3,16,562,578
2019/6/4,18,573,591
2019/6/5,15,557,572
2019/6/6,19,698,717
2019/6/7,17,500,517
2019/6/8,10,388,398
2019/6/9,9,104,113
2019/6/10,11,328,339
2019/6/11,12,361,373
2019/6/12,14,337,351
2019/6/13,16,459,475
2019/6/14,17,516,533
2019/6/15,9,252,261
2019/6/16,9,182,191
2019/6/17,18,494,512
2019/6/18,19,551,570
2019/6/19,17,622,639
2019/6/20,18,620,638
2019/6/21,18,602,620
2019/6/22,42,434,476
2019/6/23,26,168,194
2019/6/24,13,388,401
2019/6/25,25,532,557
2019/6/26,41,649,690
2019/6/27,50,612,662
2019/6/28,58,673,731
2019/6/29,10,369,379
2019/6/30,8,164,172
2019/7/1,18,475,493
2019/7/2,32,563,595
2019/7/3,39,609,648
2019/7/4,23,521,544
2019/7/5,18,529,547
2019/7/6,14,370,384
2019/7/7,8,154,162
2019/7/8,18,436,454
2019/7/9,15,389,404
2019/7/10,14,442,456
2019/7/11,17,420,437
2019/7/12,13,396,409
2019/7/13,17,383,400
2019/7/14,9,130,139
2019/7/15,8,333,341
2019/7/16,17,397,414
2019/7/17,25,527,552
2019/7/18,44,649,693
2019/7/19,57,777,834
2019/7/20,12,532,544
2019/7/21,8,215,223
2019/7/22,19,536,555
2019/7/23,33,608,641
2019/7/24,63,752,815
2019/7/25,89,837,926
2019/7/26,90,898,988
2019/7/27,12,728,740
2019/7/28,8,387,395
2019/7/29,115,936,1051
2019/7/30,117,981,1098
2019/7/31,121,1005,1126
2019/8/1,123,1059,1182
2019/8/2,146,971,1117
2019/8/3,40,921,961
2019/8/4,38,435,473
2019/8/5,141,999,1140
2019/8/6,139,1027,1166
2019/8/7,149,1032,1181
2019/8/8,142,1001,1143
2019/8/9,145,1041,1186
2019/8/10,39,808,847
2019/8/11,37,399,436
2019/8/12,37,379,416
2019/8/13,127,920,1047
2019/8/14,129,864,993
2019/8/15,132,839,971
2019/8/16,125,836,961
2019/8/17,41,833,874
2019/8/18,36,452,488
2019/8/19,126,840,966
2019/8/20,103,764,867
2019/8/21,110,770,880
2019/8/22,83,720,803
2019/8/23,80,675,755
2019/8/24,34,614,648
2019/8/25,32,281,313
2019/8/26,77,686,763
2019/8/27,80,688,768
2019/8/28,89,638,727
2019/8/29,102,836,938
2019/8/30,77,643,720
2019/8/31,34,665,699
2019/9/1,32,314,346
2019/9/2,123,846,969
2019/9/3,94,674,768
2019/9/4,33,603,636
2019/9/5,79,650,729
2019/9/6,115,800,915
2019/9/7,35,704,739
2019/9/8,34,335,369
2019/9/9,129,918,1047
2019/9/10,132,918,1050
2019/9/11,129,821,950
2019/9/12,81,721,802
2019/9/13,38,574,612
2019/9/14,28,376,404
2019/9/15,30,233,263
2019/9/16,26,441,467
2019/9/17,84,732,816
2019/9/18,34,542,576
2019/9/19,43,565,608
2019/9/20,37,524,561
2019/9/21,25,346,371
2019/9/22,28,144,172
2019/9/23,34,582,616
2019/9/24,72,621,693
2019/9/25,55,601,656
2019/9/26,44,648,692
2019/9/27,51,653,704
2019/9/28,30,458,488
2019/9/29,29,215,244
2019/9/30,66,623,689
2019/10/1,60,651,711
2019/10/2,56,604,660
2019/10/3,52,629,681
2019/10/4,46,640,686
2019/10/5,14,599,613
2019/10/6,12,140,152
2019/10/7,16,473,489
2019/10/8,22,515,537
2019/10/9,17,436,453
2019/10/10,15,444,459
2019/10/11,15,442,457
2019/10/12,8,61,69
2019/10/13,7,129,136
2019/10/14,8,273,281
2019/10/15,14,365,379
2019/10/16,10,275,285
2019/10/17,8,240,248
2019/10/18,8,242,250
2019/10/19,9,176,185
2019/10/20,7,108,115
2019/10/21,11,241,252
2019/10/22,8,94,102
2019/10/23,10,299,309
2019/10/24,8,242,250
2019/10/25,11,225,236
2019/10/26,7,228,235
2019/10/27,8,85,93
2019/10/28,9,234,243
2019/10/29,7,224,231
2019/10/30,10,273,283
2019/10/31,11,247,258
2019/11/1,9,298,307
2019/11/2,7,197,204
2019/11/3,8,81,89
2019/11/4,8,215,223
2019/11/5,8,242,250
2019/11/6,10,258,268
2019/11/7,7,247,254
2019/11/8,10,245,255
2019/11/9,7,156,163
2019/11/10,7,122,129
2019/11/11,0,0,0
2019/11/12,10,187,197
2019/11/13,8,237,245
2019/11/14,8,203,211
2019/11/15,10,231,241
2019/11/16,8,153,161
2019/11/17,8,145,153
2019/11/18,8,220,228
2019/11/19,9,192,201
2019/11/20,8,237,245
2019/11/21,8,237,245
2019/11/22,48,328,376
2019/11/23,11,223,234
2019/11/24,10,164,174
2019/11/25,8,229,237
2019/11/26,56,214,270
2019/11/27,60,253,313
2019/11/28,58,288,346
2019/11/29,65,342,407
2019/11/30,26,260,286
2019/12/1,9,310,319
2019/12/2,75,296,371
2019/12/3,43,214,257
2019/12/4,56,330,386
2019/12/5,64,302,366
2019/12/6,80,400,480
2019/12/7,26,388,414
2019/12/8,8,304,312
2019/12/9,93,369,462
2019/12/10,70,312,382
2019/12/11,55,275,330
2019/12/12,38,279,317
2019/12/13,71,405,476
2019/12/14,22,275,297
2019/12/15,10,341,351
2019/12/16,79,324,403
2019/12/17,82,336,418
2019/12/18,60,297,357
2019/12/19,77,330,407
2019/12/20,68,284,352
2019/12/21,34,345,379
2019/12/22,12,298,310
2019/12/23,81,352,433
2019/12/24,31,391,422
2019/12/25,91,435,526
2019/12/26,0,0,0
2019/12/27,68,366,434
2019/12/28,18,362,380
2019/12/29,9,172,181
2019/12/30,9,151,160
2019/12/31,9,115,124
2020/1/1,11,55,66
2020/1/2,9,56,65
2020/1/3,73,53,126
2020/1/4,26,513,539
2020/1/5,9,495,504
2020/1/6,95,525,620
2020/1/7,93,513,606
2020/1/8,94,577,671
2020/1/9,66,306,372
2020/1/10,71,359,430
2020/1/11,26,387,413
2020/1/12,9,384,393
2020/1/13,11,397,408
2020/1/14,73,346,419
2020/1/15,84,383,467
2020/1/16,85,415,500
2020/1/17,85,354,439
2020/1/18,22,538,560
2020/1/19,9,438,447
2020/1/20,80,381,461
2020/1/21,85,337,422
2020/1/22,105,472,577
2020/1/23,97,453,550
2020/1/24,64,308,372
2020/1/25,26,423,449
2020/1/26,19,517,536
2020/1/27,99,447,546
2020/1/28,103,487,590
2020/1/29,51,361,412
2020/1/30,52,362,414
2020/1/31,78,272,350
2020/2/1,19,323,342
2020/2/2,21,369,390
2020/2/3,74,352,426
2020/2/4,71,402,473
2020/2/5,69,385,454
2020/2/6,107,533,640
2020/2/7,103,620,723
2020/2/8,28,356,384
2020/2/9,26,443,469
2020/2/10,101,564,665
2020/2/11,8,423,431
2020/2/12,79,385,464
2020/2/13,61,368,429
2020/2/14,50,270,320
2020/2/15,18,223,241
2020/2/16,9,353,362
2020/2/17,70,276,346
2020/2/18,67,251,318
2020/2/19,70,285,355
2020/2/20,74,330,404
2020/2/21,63,309,372
2020/2/22,19,284,303
2020/2/23,9,229,238
2020/2/24,10,269,279
2020/2/25,64,253,317
2020/2/26,76,388,464
2020/2/27,79,381,460
2020/2/28,78,358,436
2020/2/29,17,194,211
2020/3/1,10,321,331
2020/3/2,83,326,409
2020/3/3,52,263,315
2020/3/4,72,342,414
2020/3/5,70,294,364
2020/3/6,65,303,368
2020/3/7,23,287,310
2020/3/8,15,434,449
2020/3/9,50,324,374
2020/3/10,40,254,294
2020/3/11,26,236,262
2020/3/12,52,282,334
2020/3/13,35,324,359
2020/3/14,20,363,383
2020/3/15,10,277,287
2020/3/16,74,387,461
2020/3/17,83,322,405
2020/3/18,40,332,372
2020/3/19,41,266,307
2020/3/20,8,216,224
2020/3/21,15,218,233
2020/3/22,7,138,145
2020/3/23,52,291,343
2020/3/24,66,245,311
2020/3/25,51,335,386
2020/3/26,32,323,355
2020/3/27,22,291,313
2020/3/28,11,269,280
2020/3/29,18,513,531
2020/3/30,83,336,419
2020/3/31,69,315,384
2020/4/1,52,298,350
2020/4/2,27,277,304
2020/4/3,32,268,300
2020/4/4,17,249,266
2020/4/5,9,331,340
2020/4/6,33,261,294
2020/4/7,27,269,296
2020/4/8,25,286,311
2020/4/9,19,273,292
2020/4/10,30,277,307
2020/4/11,15,283,298
2020/4/12,10,366,376
2020/4/13,69,374,443
2020/4/14,41,296,337
2020/4/15,30,253,283
2020/4/16,34,283,317
2020/4/17,33,245,278
2020/4/18,15,328,343
2020/4/19,13,173,186
2020/4/20,72,218,290
2020/4/21,15,202,217
2020/4/22,23,251,274
2020/4/23,28,237,265
2020/4/24,28,234,262
2020/4/25,15,258,273
2020/4/26,8,83,91
2020/4/27,21,249,270
2020/4/28,23,191,214
2020/4/29,8,222,230
2020/4/30,10,235,245
2020/5/1,11,303,314
2020/5/2,8,368,376
2020/5/3,8,87,95
2020/5/4,8,266,274
2020/5/5,8,364,372
2020/5/6,8,218,226
2020/5/7,11,177,188
2020/5/8,11,221,232
2020/5/9,7,190,197
2020/5/10,9,80,89
2020/5/11,43,546,589
2020/5/12,13,463,476
2020/5/13,22,495,517
2020/5/14,16,393,409
2020/5/15,19,485,504
2020/5/16,8,220,228
2020/5/17,8,97,105
2020/5/18,13,345,358
2020/5/19,11,363,374
2020/5/20,10,279,289
2020/5/21,10,256,266
2020/5/22,9,226,235
2020/5/23,8,199,207
2020/5/24,7,59,66
2020/5/25,14,385,399
2020/5/26,13,449,462
2020/5/27,14,480,494
2020/5/28,15,383,398
2020/5/29,19,424,443
2020/5/30,7,402,409
2020/5/31,11,76,87
2020/6/1,13,403,416
2020/6/2,22,563,585
2020/6/3,33,687,720
2020/6/4,26,651,677
2020/6/5,37,810,847
2020/6/6,9,688,697
2020/6/7,9,143,152
2020/6/8,27,701,728
2020/6/9,45,880,925
2020/6/10,44,1037,1081
2020/6/11,41,922,963
2020/6/12,48,976,1024
2020/6/13,9,381,390
2020/6/14,9,118,127
2020/6/15,52,748,800
2020/6/16,41,805,846
2020/6/17,35,658,693
2020/6/18,23,605,628
2020/6/19,15,428,443
2020/6/20,8,485,493
2020/6/21,8,84,92
2020/6/22,16,410,426
2020/6/23,21,586,607
2020/6/24,20,568,588
2020/6/25,14,434,448
2020/6/26,40,688,728
2020/6/27,13,576,589
2020/6/28,9,127,136
2020/6/29,36,649,685
2020/6/30,32,630,662
2020/7/1,34,663,697
2020/7/2,52,771,823
2020/7/3,37,680,717
2020/7/4,19,476,495
2020/7/5,13,215,228
2020/7/6,31,647,678
2020/7/7,48,822,870
2020/7/8,42,709,751
2020/7/9,23,592,615
2020/7/10,35,649,684
2020/7/11,16,798,814
2020/7/12,16,433,449
2020/7/13,17,540,557
2020/7/14,16,584,600
2020/7/15,15,476,491
2020/7/16,16,519,535
2020/7/17,14,411,425
2020/7/18,9,279,288
2020/7/19,7,166,173
2020/7/20,53,812,865
2020/7/21,40,792,832
2020/7/22,48,824,872
2020/7/23,7,491,498
2020/7/24,9,600,609
2020/7/25,11,517,528
2020/7/26,17,298,315
2020/7/27,50,777,827
2020/7/28,46,878,924
2020/7/29,19,626,645
2020/7/30,25,659,684
2020/7/31,34,744,778
2020/8/1,36,620,656
2020/8/2,11,348,359
2020/8/3,82,947,1029
2020/8/4,75,1026,1101
2020/8/5,107,1161,1268
2020/8/6,104,1175,1279
2020/8/7,51,1193,1244
2020/8/8,38,826,864
2020/8/9,45,482,527
2020/8/10,42,1107,1149
2020/8/11,120,1397,1517
2020/8/12,107,1188,1295
2020/8/13,113,1216,1329
2020/8/14,108,1255,1363
2020/8/15,48,1181,1229
2020/8/16,36,740,776
2020/8/17,120,1362,1482
2020/8/18,106,1322,1428
2020/8/19,105,1136,1241
2020/8/20,110,1198,1308
2020/8/21,114,1291,1405
2020/8/22,39,1009,1048
2020/8/23,35,370,405
2020/8/24,98,1003,1101
2020/8/25,94,973,1067
2020/8/26,103,1090,1193
2020/8/27,108,1214,1322
2020/8/28,109,1162,1271
2020/8/29,44,1035,1079
2020/8/30,42,615,657
2020/8/31,101,1064,1165
2020/9/1,59,826,885
2020/9/2,90,971,1061
2020/9/3,103,1039,1142
2020/9/4,118,1275,1393
2020/9/5,43,826,869
2020/9/6,37,381,418
2020/9/7,93,891,984
2020/9/8,104,1056,1160
2020/9/9,101,1055,1156
2020/9/10,95,1032,1127
2020/9/11,111,1085,1196
2020/9/12,38,558,596
2020/9/13,27,225,252
2020/9/14,48,675,723
2020/9/15,49,693,742
2020/9/16,46,702,748
2020/9/17,51,755,806
2020/9/18,73,991,1064
2020/9/19,17,539,556
2020/9/20,16,245,261
2020/9/21,12,288,300
2020/9/22,13,325,338
2020/9/23,17,366,383
2020/9/24,15,308,323
2020/9/25,15,321,336
2020/9/26,10,197,207
2020/9/27,9,78,87
2020/9/28,21,327,348
2020/9/29,15,306,321
2020/9/30,15,296,311
2020/10/1,18,327,345
2020/10/2,17,373,390
2020/10/3,10,381,391
2020/10/4,8,101,109
2020/10/5,18,453,471
2020/10/6,16,410,426
2020/10/7,16,341,357
2020/10/8,9,305,314
2020/10/9,12,315,327
2020/10/10,8,178,186
2020/10/11,8,81,89
2020/10/12,17,340,357
2020/10/13,15,415,430
2020/10/14,16,352,368
2020/10/15,11,314,325
2020/10/16,12,273,285
2020/10/17,9,252,261
2020/10/18,8,159,167
2020/10/19,16,233,249
2020/10/20,9,200,209
2020/10/21,10,237,247
2020/10/22,10,260,270
2020/10/23,11,279,290
2020/10/24,11,176,187
2020/10/25,10,165,175
2020/10/26,11,231,242
2020/10/27,11,240,251
2020/10/28,10,286,296
2020/10/29,12,264,276
2020/10/30,11,254,265
2020/10/31,10,254,264
2020/11/1,9,223,232
2020/11/2,10,242,252
2020/11/3,9,164,173
2020/11/4,17,222,239
2020/11/5,22,253,275
2020/11/6,33,221,254
2020/11/7,11,239,250
2020/11/8,8,139,147
2020/11/9,22,246,268
2020/11/10,40,170,210
2020/11/11,44,242,286
2020/11/12,74,309,383
2020/11/13,38,255,293
2020/11/14,13,185,198
2020/11/15,9,198,207
2020/11/16,25,249,274
2020/11/17,13,208,221
2020/11/18,19,239,258
2020/11/19,12,254,266
2020/11/20,11,319,330
2020/11/21,10,228,238
2020/11/22,11,231,242
2020/11/23,8,238,246
2020/11/24,60,238,298
2020/11/25,75,308,383
2020/11/26,31,258,289
2020/11/27,65,320,385
2020/11/28,8,225,233
2020/11/29,10,361,371
2020/11/30,79,240,319
2020/12/1,79,227,306
2020/12/2,96,381,477
2020/12/3,96,417,513
2020/12/4,97,278,375
2020/12/5,21,452,473
2020/12/6,10,469,479
2020/12/7,80,387,467
2020/12/8,68,308,376
2020/12/9,99,375,474
2020/12/10,99,360,459
2020/12/11,93,314,407
2020/12/12,10,403,413
2020/12/13,8,411,419
2020/12/14,97,411,508
2020/12/15,109,449,558
2020/12/16,107,618,725
2020/12/17,112,538,650
2020/12/18,111,452,563
2020/12/19,9,640,649
2020/12/20,10,543,553
2020/12/21,117,564,681
2020/12/22,107,617,724
2020/12/23,104,526,630
2020/12/24,113,527,640
2020/12/25,98,479,577
2020/12/26,19,478,497
2020/12/27,12,509,521
2020/12/28,102,484,586
2020/12/29,81,219,300
2020/12/30,11,71,82
2020/12/31,8,68,76
2021/1/1,11,57,68
2021/1/2,11,54,65
2021/1/3,8,75,83
2021/1/4,125,822,947
2021/1/5,118,731,849
2021/1/6,121,950,1071
2021/1/7,108,732,840
2021/1/8,129,820,949
2021/1/9,28,854,882
2021/1/10,9,829,838
2021/1/11,9,904,913
2021/1/12,127,911,1038
2021/1/13,114,701,815
2021/1/14,106,587,693
2021/1/15,117,591,708
2021/1/16,17,515,532
2021/1/17,17,664,681
2021/1/18,124,639,763
2021/1/19,119,699,818
2021/1/20,125,750,875
2021/1/21,124,665,789
2021/1/22,98,460,558
2021/1/23,24,693,717
2021/1/24,9,740,749
2021/1/25,109,534,643
2021/1/26,111,562,673
2021/1/27,80,554,634
2021/1/28,119,693,812
2021/1/29,112,581,693
2021/1/30,19,842,861
2021/1/31,10,685,695
2021/2/1,125,656,781
2021/2/2,94,482,576
2021/2/3,107,571,678
2021/2/4,105,529,634
2021/2/5,113,492,605
2021/2/6,28,446,474
2021/2/7,9,434,443
2021/2/8,117,570,687
2021/2/9,121,632,753
2021/2/10,113,602,715
2021/2/11,9,623,632
2021/2/12,110,501,611
2021/2/13,12,393,405
2021/2/14,12,421,433
2021/2/15,91,377,468
2021/2/16,76,324,400
2021/2/17,105,379,484
2021/2/18,116,577,693
2021/2/19,110,528,638
2021/2/20,9,600,609
2021/2/21,11,281,292
2021/2/22,37,221,258
2021/2/23,11,331,342
2021/2/24,108,507,615
2021/2/25,115,562,677
2021/2/26,103,415,518
2021/2/27,10,500,510
2021/2/28,9,488,497
2021/3/1,64,406,470
2021/3/2,26,375,401
2021/3/3,113,450,563
2021/3/4,103,464,567
2021/3/5,64,369,433
2021/3/6,20,279,299
2021/3/7,9,391,400
2021/3/8,113,509,622
2021/3/9,95,355,450
2021/3/10,51,385,436
2021/3/11,81,324,405
2021/3/12,53,333,386
2021/3/13,12,397,409
2021/3/14,9,260,269
2021/3/15,52,333,385
2021/3/16,47,293,340
2021/3/17,42,291,333
2021/3/18,55,375,430
2021/3/19,49,377,426
2021/3/20,8,365,373
2021/3/21,15,181,196
2021/3/22,67,280,347
2021/3/23,58,354,412
2021/3/24,40,317,357
2021/3/25,21,287,308
2021/3/26,21,224,245
2021/3/27,11,288,299
2021/3/28,11,211,222
2021/3/29,12,245,257
2021/3/30,11,268,279
2021/3/31,13,284,297
2021/4/1,10,262,272
2021/4/2,10,261,271
2021/4/3,11,246,257
2021/4/4,9,122,131
2021/4/5,26,302,328
2021/4/6,62,235,297
2021/4/7,36,279,315
2021/4/8,22,268,290
2021/4/9,43,284,327
2021/4/10,11,222,233
2021/4/11,8,198,206
2021/4/12,29,238,267
2021/4/13,12,235,247
2021/4/14,12,315,327
2021/4/15,55,265,320
2021/4/16,29,240,269
2021/4/17,15,213,228
2021/4/18,8,160,168
2021/4/19,13,229,242
2021/4/20,13,242,255
2021/4/21,9,290,299
2021/4/22,11,343,354
2021/4/23,16,300,316
2021/4/24,10,184,194
2021/4/25,9,73,82
2021/4/26,23,213,236
2021/4/27,14,266,280
2021/4/28,13,313,326
2021/4/29,11,214,225
2021/4/30,8,298,306
2021/5/1,11,185,196
2021/5/2,9,74,83
2021/5/3,8,195,203
2021/5/4,9,204,213
2021/5/5,11,203,214
2021/5/6,14,271,285
2021/5/7,10,285,295
2021/5/8,8,233,241
2021/5/9,9,78,87
2021/5/10,12,333,345
2021/5/11,11,279,290
2021/5/12,11,293,304
2021/5/13,8,300,308
2021/5/14,14,452,466
2021/5/15,9,363,372
2021/5/16,9,63,72
2021/5/17,14,544,558
2021/5/18,16,482,498
2021/5/19,12,385,397
2021/5/20,10,373,383
2021/5/21,13,511,524
2021/5/22,9,304,313
2021/5/23,10,90,100
2021/5/24,16,481,497
2021/5/25,16,566,582
2021/5/26,16,459,475
2021/5/27,12,378,390
2021/5/28,16,451,467
2021/5/29,9,397,406
2021/5/30,11,116,127
2021/5/31,16,495,511
2021/6/1,14,511,525
2021/6/2,17,515,532
2021/6/3,22,517,539
2021/6/4,16,515,531
2021/6/5,9,365,374
2021/6/6,8,106,114
2021/6/7,32,608,640
2021/6/8,48,756,804
2021/6/9,45,751,796
2021/6/10,50,715,765
2021/6/11,41,708,749
2021/6/12,8,573,581
2021/6/13,8,212,220
2021/6/14,22,604,626
2021/6/15,44,700,744
2021/6/16,20,605,625
2021/6/17,17,559,576
2021/6/18,25,586,611
2021/6/19,9,337,346
2021/6/20,9,148,157
2021/6/21,31,632,663
2021/6/22,30,668,698
2021/6/23,19,601,620
2021/6/24,22,582,604
2021/6/25,28,613,641
2021/6/26,9,540,549
2021/6/27,9,187,196
2021/6/28,48,692,740
2021/6/29,30,635,665
2021/6/30,17,516,533
2021/7/1,14,537,551
2021/7/2,14,497,511
2021/7/3,8,506,514
2021/7/4,8,134,142
2021/7/5,17,545,562
2021/7/6,41,761,802
2021/7/7,51,834,885
2021/7/8,18,673,691
2021/7/9,17,660,677
2021/7/10,8,848,856
2021/7/11,13,350,363
2021/7/12,71,877,948
2021/7/13,60,867,927
2021/7/14,52,808,860
2021/7/15,65,818,883
2021/7/16,85,965,1050
2021/7/17,14,850,864
2021/7/18,8,566,574
2021/7/19,109,1192,1301
2021/7/20,110,1151,1261
2021/7/21,105,1107,1212
2021/7/22,8,1036,1044
2021/7/23,8,1049,1057
2021/7/24,16,977,993
2021/7/25,16,551,567
2021/7/26,84,981,1065
2021/7/27,55,991,1046
2021/7/28,94,1183,1277
2021/7/29,102,1090,1192
2021/7/30,73,903,976
2021/7/31,12,826,838
2021/8/1,8,502,510
2021/8/2,117,1116,1233
2021/8/3,121,1153,1274
2021/8/4,137,1175,1312
2021/8/5,134,1160,1294
2021/8/6,132,1182,1314
2021/8/7,29,795,824
2021/8/8,31,389,420
2021/8/9,32,861,893
2021/8/10,143,1240,1383
2021/8/11,115,1032,1147
2021/8/12,78,851,929
2021/8/13,36,651,687
2021/8/14,27,420,447
2021/8/15,24,109,133
2021/8/16,28,507,535
2021/8/17,30,646,676
2021/8/18,84,931,1015
2021/8/19,91,1021,1112
2021/8/20,102,1032,1134
2021/8/21,30,808,838
2021/8/22,30,441,471
2021/8/23,83,936,1019
2021/8/24,101,944,1045
2021/8/25,116,1134,1250
2021/8/26,140,1227,1367
2021/8/27,124,1172,1296
2021/8/28,37,1087,1124
2021/8/29,30,412,442
2021/8/30,126,1240,1366
2021/8/31,101,993,1094
2021/9/1,33,620,653
2021/9/2,15,502,517
2021/9/3,17,466,483
2021/9/4,7,334,341
2021/9/5,8,83,91
2021/9/6,18,411,429
2021/9/7,14,485,499
2021/9/8,16,458,474
2021/9/9,16,495,511
2021/9/10,41,791,832
2021/9/11,8,498,506
2021/9/12,9,190,199
2021/9/13,52,734,786
2021/9/14,23,628,651
2021/9/15,31,704,735
2021/9/16,24,624,648
2021/9/17,18,544,562
2021/9/18,10,497,507
2021/9/19,7,180,187
2021/9/20,8,514,522
2021/9/21,31,617,648
2021/9/22,50,774,824
2021/9/23,8,714,722
2021/9/24,55,698,753
2021/9/25,7,410,417
2021/9/26,9,114,123
2021/9/27,18,460,478
2021/9/28,19,488,507
2021/9/29,25,547,572
2021/9/30,31,630,661
2021/10/1,14,395,409
2021/10/2,9,463,472
2021/10/3,9,197,206
2021/10/4,33,646,679
2021/10/5,35,643,678
2021/10/6,29,643,672
2021/10/7,17,498,515
2021/10/8,41,683,724
2021/10/9,16,467,483
2021/10/10,11,110,121
2021/10/11,37,560,597
2021/10/12,13,452,465
2021/10/13,13,345,358
2021/10/14,13,421,434
2021/10/15,17,451,468
2021/10/16,13,329,342
2021/10/17,11,132,143
2021/10/18,10,219,229
2021/10/19,8,270,278
2021/10/20,12,231,243
2021/10/21,9,269,278
2021/10/22,8,301,309
2021/10/23,9,238,247
2021/10/24,9,199,208
2021/10/25,10,306,316
2021/10/26,8,311,319
2021/10/27,9,320,329
2021/10/28,11,293,304
2021/10/29,11,328,339
2021/10/30,9,167,176
2021/10/31,8,218,226
2021/11/1,10,271,281
2021/11/2,9,308,317
2021/11/3,8,245,253
2021/11/4,9,327,336
2021/11/5,11,331,342
2021/11/6,13,229,242
2021/11/7,11,186,197
2021/11/8,10,332,342
2021/11/9,9,281,290
2021/11/10,11,297,308
2021/11/11,12,274,286
2021/11/12,15,289,304
2021/11/13,9,221,230
2021/11/14,9,224,233
2021/11/15,18,280,298
2021/11/16,16,258,274
2021/11/17,23,244,267
2021/11/18,24,312,336
2021/11/19,26,298,324
2021/11/20,13,182,195
2021/11/21,11,224,235
2021/11/22,26,338,364
2021/11/23,11,228,239
2021/11/24,29,375,404
2021/11/25,32,353,385
2021/11/26,24,362,386
2021/11/27,10,283,293
2021/11/28,11,301,312
2021/11/29,77,414,491
2021/11/30,55,338,393
2021/12/1,26,324,350
2021/12/2,65,415,480
2021/12/3,51,327,378
2021/12/4,16,307,323
2021/12/5,33,411,444
2021/12/6,106,414,520
2021/12/7,63,353,416
2021/12/8,91,416,507
2021/12/9,82,401,483
2021/12/10,86,387,473
2021/12/11,12,414,426
2021/12/12,9,337,346
2021/12/13,86,442,528
2021/12/14,106,470,576
2021/12/15,82,491,573
2021/12/16,72,435,507
2021/12/17,86,394,480
2021/12/18,17,479,496
2021/12/19,13,522,535
2021/12/20,98,499,597
2021/12/21,77,498,575
2021/12/22,91,441,532
2021/12/23,103,449,552
2021/12/24,104,394,498
2021/12/25,34,450,484
2021/12/26,10,605,615
2021/12/27,111,613,724
2021/12/28,108,630,738
2021/12/29,10,440,450
2021/12/30,10,133,143
2021/12/31,12,55,67
2022/1/1,9,52,61
2022/1/2,11,115,126
2022/1/3,10,132,142
2022/1/4,110,813,923
2022/1/5,117,961,1078
2022/1/6,149,1136,1285
2022/1/7,135,922,1057
2022/1/8,11,704,715
2022/1/9,8,647,655
2022/1/10,12,751,763
2022/1/11,103,707,810
2022/1/12,108,678,786
2022/1/13,104,624,728
2022/1/14,107,698,805
2022/1/15,21,464,485
2022/1/16,11,557,568
2022/1/17,103,628,731
2022/1/18,110,732,842
2022/1/19,111,727,838
2022/1/20,146,716,862
2022/1/21,168,745,913
2022/1/22,50,579,629
2022/1/23,51,653,704
2022/1/24,132,581,713
2022/1/25,129,681,810
2022/1/26,131,631,762
2022/1/27,134,500,634
2022/1/28,126,542,668
2022/1/29,51,526,577
2022/1/30,47,565,612
2022/1/31,141,573,714
2022/2/1,139,552,691
2022/2/2,133,633,766
2022/2/3,130,603,733
2022/2/4,137,586,723
2022/2/5,49,557,606
2022/2/6,51,683,734
2022/2/7,142,727,869
2022/2/8,141,692,833
2022/2/9,135,613,748
2022/2/10,166,940,1106
2022/2/11,50,681,731
2022/2/12,59,592,651
2022/2/13,53,763,816
2022/2/14,144,832,976
2022/2/15,133,704,837
2022/2/16,132,635,767
2022/2/17,143,735,878
2022/2/18,132,563,695
2022/2/19,56,614,670
2022/2/20,49,560,609
2022/2/21,144,639,783
2022/2/22,141,679,820
2022/2/23,48,712,760
2022/2/24,140,641,781
2022/2/25,130,635,765
2022/2/26,42,497,539
2022/2/27,41,478,519
2022/2/28,103,387,490
2022/3/1,89,408,497
2022/3/2,96,340,436
2022/3/3,87,408,495
2022/3/4,114,447,561
2022/3/5,43,318,361
2022/3/6,42,388,430
2022/3/7,112,358,470
2022/3/8,131,530,661
2022/3/9,112,378,490
2022/3/10,115,394,509
2022/3/11,85,314,399
2022/3/12,35,198,233
2022/3/13,36,170,206
2022/3/14,27,225,252
2022/3/15,28,364,392
2022/3/16,20,308,328
2022/3/17,16,297,313
2022/3/18,102,485,587
2022/3/19,10,249,259
2022/3/20,11,353,364
2022/3/21,8,372,380
2022/3/22,99,504,603
2022/3/23,54,396,450
2022/3/24,75,429,504
2022/3/25,39,333,372
2022/3/26,10,215,225
2022/3/27,10,121,131
2022/3/28,25,293,318
2022/3/29,39,285,324
2022/3/30,22,283,305
2022/3/31,12,258,270
2022/4/1,83,405,488
2022/4/2,10,270,280
2022/4/3,10,399,409
2022/4/4,89,436,525
2022/4/5,42,377,419
2022/4/6,19,297,316
2022/4/7,19,301,320
2022/4/8,10,256,266
2022/4/9,14,181,195
2022/4/10,11,101,112
2022/4/11,12,289,301
2022/4/12,12,380,392
2022/4/13,16,452,468
2022/4/14,11,317,328
2022/4/15,8,295,303
2022/4/16,9,165,174
2022/4/17,10,116,126
2022/4/18,9,263,272
2022/4/19,11,218,229
2022/4/20,8,349,357
2022/4/21,9,260,269
2022/4/22,11,344,355
2022/4/23,9,239,248
2022/4/24,9,59,68
2022/4/25,15,412,427
2022/4/26,13,442,455
2022/4/27,23,531,554
2022/4/28,13,362,375
2022/4/29,9,224,233
2022/4/30,10,166,176
2022/5/1,9,197,206
2022/5/2,10,232,242
2022/5/3,8,223,231
2022/5/4,8,173,181
2022/5/5,10,201,211
2022/5/6,14,301,315
2022/5/7,9,218,227
2022/5/8,8,70,78
2022/5/9,10,300,310
2022/5/10,10,293,303
2022/5/11,9,335,344
2022/5/12,9,383,392
2022/5/13,13,338,351
2022/5/14,9,320,329
2022/5/15,8,62,70
2022/5/16,9,269,278
2022/5/17,10,266,276
2022/5/18,14,351,365
2022/5/19,19,385,404
2022/5/20,17,449,466
2022/5/21,8,267,275
2022/5/22,10,61,71
2022/5/23,13,402,415
2022/5/24,19,476,495
2022/5/25,22,500,522
2022/5/26,21,495,516
2022/5/27,17,478,495
2022/5/28,10,408,418
2022/5/29,13,165,178
2022/5/30,34,540,574
2022/5/31,10,422,432
2022/6/1,24,481,505
2022/6/2,30,544,574
2022/6/3,18,504,522
2022/6/4,9,363,372
2022/6/5,9,110,119
2022/6/6,9,314,323
2022/6/7,10,325,335
2022/6/8,9,312,321
2022/6/9,12,379,391
2022/6/10,16,438,454
2022/6/11,9,389,398
2022/6/12,10,135,145
2022/6/13,19,436,455
2022/6/14,10,332,342
2022/6/15,9,325,334
2022/6/16,15,392,407
2022/6/17,29,487,516
2022/6/18,15,439,454
2022/6/19,8,225,233
2022/6/20,64,655,719
2022/6/21,73,695,768
2022/6/22,58,654,712
2022/6/23,39,526,565
2022/6/24,100,734,834
2022/6/25,37,875,912
2022/6/26,33,438,471
2022/6/27,137,1025,1162
2022/6/28,142,1090,1232
2022/6/29,177,1088,1265
2022/6/30,222,1060,1282
2022/7/1,223,1144,1367
2022/7/2,56,886,942
2022/7/3,45,496,541
2022/7/4,137,769,906
2022/7/5,121,795,916
2022/7/6,65,765,830
2022/7/7,115,694,809
2022/7/8,66,676,742
2022/7/9,31,629,660
2022/7/10,28,306,334
2022/7/11,71,882,953
2022/7/12,124,717,841
2022/7/13,44,579,623
2022/7/14,78,542,620
2022/7/15,34,493,527
2022/7/16,11,423,434
2022/7/17,24,263,287
2022/7/18,46,822,868
2022/7/19,134,809,943
2022/7/20,77,889,966
2022/7/21,135,782,917
2022/7/22,80,824,904
2022/7/23,40,808,848
2022/7/24,39,430,469
2022/7/25,84,1009,1093
2022/7/26,132,763,895
2022/7/27,81,953,1034
2022/7/28,162,917,1079
2022/7/29,89,958,1047
2022/7/30,42,846,888
2022/7/31,48,561,609
